610478739,
611501738,
612419288,
610928522,
597316382,
626870052,
594593922,
585173402,
618047571,
620305896,
612584071,
583696046,
593769807,
589953505,
627230466,
612498349,
597147954,
613808434,
623358028,
595671608,
615238936,
615115165,
616773712,
595932090,
611063863,
593881783,
584663649,
611348173,
626563060,
622857396,
620689592,
584786863,
585461458,
580030114,
622178768,
597178827,
610219009,
614685066,
589325762,
616236611,
618259238,
596787898,
619414555,
598648183,
599953872,
627965528,
612623024,
618242351,
622840099,
598707018,
592173175,
590810954,
613800701,
623285096,
616559034,
616417587,
595161300,
620907046,
585727407,
584260589,
615184816,
622438395,
620026023,
619459147,
595625569,
621296561,
592808687,
620001523,
596694964,
588367908,
618511005,
579484532,
592079113,
611999168,
595092029,
622425539,
597842691,
596035300,
584509283,
588366532,
598649350,
598566258,
587329261,
615317889,
628062909,
626361902,
586730294,
626811966,
613440325,
610132234,
621708803,
588256031,
615428354,
624282118,
627467688,
592337028,
621328701,
619181912,
615336695,
610409343,
617800025,
584890857,
618549458,
622698130,
586080438,
622227164,
595047406,
621959139,
623261092,
595038481,
598110847,
614201678,
615582849,
624598492,
614821705,
623520818,
591367115,
586244293,
593074717,
594866033,
593439893,
597382733,
622532382,
594909722,
593925875,
618475812,
621497584,
616821232,
615343456,
591103067,
619847880,
588793511,
592765449,
594537042,
617124829,
585635101,
614058410,
611024592,
614293042,
616487842,
584099318,
588502785,
627123614,
619705167,
618145681,
583295937,
584933610,
582469120,
627351872,
621436086,
591120995,
615762140,
619863765,
614543666,
595377022,
620100215,
596531368,
612981704,
625271008,
621064845,
621621443,
613268364,
612831912,
612130501,
627601524,
597456237
